# 	id	file_path	transparent_color_r	g	b
[MAP]
scenes\1-1\map.txt
2816	432	210
[TEXTURES]
0	textures\mario-1.png	255	255	255
20	textures\misc.png	166	185	255
10	textures\enemies.png	3	26	110
30	textures\misc.png	166	185	255
40	textures\fireball.png	255	255	255
50	textures\number-effect.png	255	150	255
60	textures\effects.png	176	224	248
70	textures\enemies-2.png	0	128	128
1000	textures\HUB.png	81	255	191
# id	left	top	right	bottom	texture_id
[SPRITES]
# ===============BIG MARIO=============
# idle right
10001	216	243	230	270	0
# walk right
10002	255	243	271	270	0		
10003	295	244	311	270	0
#jumping right
10004	335	244	351	270	0
# idle left
10011	176	243	190	270	0
#walk left
10012	135	243	151	270	0
10013	95	244	111	270	0
#jumping left
10014	55	244	71	270	0
#run right
10041	213	323	232	350	0
10042	253	323	272	350	0
10043	293	324	312	350	0
#run left
10044	174	323	193	350	0
10045	134	323	153	350	0
10046	94	324	113	350	0
#flying right
10061	291	603	315	631	0
10062	331	603	355	631	0
10063	371	603	395	631	0
#flying left
10064	91	603	115	631	0
10065	51	603	75	631	0
10066	11	603	35	631	0
#kick right
10067	252	283	273	310	0
#kick left
10068	133	283	154	310	0
#holding right
10069	331	323	345	350	0
10070	356	323	371	350	0
10071	381	323	396	350	0
#holding left
10072	61	323	75	350	0
10073	35	323	50	350	0
10074	10	323	25	350	0
# die
10099	375	209	391	225	0
# ==============SMALL MARIO==============
#idle small right
10021	217	89	229	104	0
# walk
10022	256	89	271	105	0	2	0
# jump right
10023	335	89	351	105	0
# idle small left
10031	177	89	189	104	0	-1	0
# walk
10032	135	89	150	105	0
#jump left
10033	55	89	71	105	0
# speed run state
#run right
10051	215	169	231	185	0
10052	255	169	271	185	0
#run left
10053	175	169	191	185	0
10054	135	169	151	185	0
#kick right
10055	255	129	271	145	0
#kick left
10056	135	129	151	145	0
#holding right
10057	336	169	350	185	0
10058	376	169	391	185	0
#holding left
10059	56	169	70	185	0
10060	15	169	30	185	0
#=============RACCOON MARIO=============
#idle right
11001	212	443	233	471	0	6	0
#idle left
11002	173	443	194	471	0
#walking right
11003	236	443	259	471	0	9	0
11004	262	443	284	471	0	5	0
#walking left
11005	147	443	170	471	0
11006	122	443	144	471	0	
#run right
11007	211	523	235	551	0
11008	251	523	275	551	0
11009	291	523	315	550	0
#run left
11010	171	523	195	551	0
11011	131	523	155	551	0
11012	91	523	115	550	0
#jumping right
11013	331	443	354	470	0	6	0
#jumping left
11014	52	443	75	470	0
#flying right
11015	291	603	315	631	0	7	0
11016	331	603	355	631	0	7	0
11017	371	603	395	631	0	7	0
#flying left
11018	91	603	115	631	0
11019	51	603	75	631	0
11020	11	603	35	631	0
#falling right
11021	291	443	314	470	0	6	0
#falling left
11022	92	443	115	470	0
#kick right
11023	247	483	269	511	0
#kick left
11024	137	483	159	511	0
#holding right
11025	322	523	343	551	0	6	0
11026	351	523	373	551	0	7	0
11027	381	523	404	551	0	8	0
#holding left
11028	63	523	84	551	0
11029	33	523	55	551	0
11030	2	523	25	551	0
#tail smacking right 1
11031	355	483	371	511	0
#tail smacking stand right 2
11032	147	443	170	471	0
#tail smacking jump right 2 
11033	92	443	115	470	0
#tail smacking right 3
11034	390	483	406	511	0
#tail smacking left 1
11035	355	483	371	511	0
#tail smacking stand left 2
11036	236	443	259	471	0	9	0
#tail smacking jump left 2
11037	291	443	314	470	0	6	0
#tail smacking left 3
11038	390	483	406	511	0

#slow falling left
11039	172	603	195	630	0
11040	132	603	154	631	0
#slow falling right
11041	211	603	234	630	0	6	0
11042	252	603	274	631	0

#=============FIRE MARIO=============
#idle right
12001	216	683	230	710	0
#idle left
12002	176	683	190	710	0
#walking right
12003	255	683	271	710	0
12004	295	684	331	710	0
#walking left
12005	135	683	151	710	0
12006	95	684	111	710	0
#run right
12007	213	763	232	790	0
12008	253	763	272	790	0
12009	293	764	312	790	0
#run left
12010	174	763	193	790	0
12011	134	763	153	790	0
12012	94	764	113	790	0
#jumping right
12013	335	684	351	710	0
#jumping left
12014	55	684	71	710	0
#falling right
12015	295	684	311	710	0
#falling left
12016	95	684	111	710	0
#kick right
12017	252	723	273	750	0
#kick left
12018	133	723	154	750	0
#holding right
12019	331	763	345	790	0
12020	356	763	371	790	0
12021	380	764	396	790	0
#holding left
12022	61	763	75	790	0
12023	35	763	50	790	0
12024	10	764	26	790	0
#throw 1 right
12025	366	803	380	830	0
#throw 1 left
12026	26	803	40	830	0
#throw 2 right
12027	386	803	400	830	0
#throw 2 left
12028	6	803	20	830	0
#============OTHER=============
#GOOMBA
30001	5	14	21	29	10
30002	25	14	41	29	10
#die
30003	45	21	61	29	10

#===GREEN PIPE======
#up
30004	190	360	222	392	20
#down
30005	247	360	279	392	20

#===========FLOATING BRICK================
#question mark
40001	157	188	173	204	30
40002	176	188	192	204	30
40003	196	188	212	204	30
40004	215	188	231	204	30
#collected
40005	235	188	251	204	30
#=======KOOPAS===========
#small
#walk right
50001	916	129	932	156	10
50002	938	130	954	156	10
#walk left
50003	28	129	44	156	10
50004	6	130	22	156	10
#hide in shell
50005	50	139	66	155	10
#========== WING GOOMBA ==========
#has wing walking
50006	427	13	447	33	10
50007	448	13	468	33	10
#has wing jumping
50008	406	8	426	33	10	-1	5
50009	384	7	405	32	10	5	1
#lost wing walking
50010	474	16	491	33	10
50011	492	16	508	33	10
#die
50012	509	23	525	33	10
#=====FIRE BALL=========
#fire ball right
60001	62	3	70	11	40
60002	80	2	88	11	40
60003	80	23	88	31	40
60004	62	22	70	31	40
#fire ball left
60005	20	3	28	11	40
60006	2	2	10	11	40
60007	2	23	10	31	40
60008	20	22	28	31	40

#================MUSHROOM===========
#red mushroom
70001	156	121	172	137	30
#green mushroom
60009	286	121	302	137	30
#================COIN================
#coin 100
70002	294	101	304	115	30
70003	311	101	312	115	30	-3	0
70004	321	101	325	115	30	-1	0
#coin 50
70005	334	100	348	116	30
70006	357	100	363	116	30	-4	0
70007	372	100	382	116	30	-2	0

#======TEXT NUMBER EFFECT============
#100
70008	1	1	12	9	50
#200
70009	15	1	27	9	50
#400
70010	30	1	42	9	50
#800
70011	45	1	57	9	50
#1000
70012	60	1	75	9	50

#========= MARIO TYPE UP EFFECT========
#type up anmation
#left
70013	336	17	348	32	0
70014	350	10	364	32	0	0	7
70015	366	5	380	32	0	0	12
#right
70016	368	55	380	70	0
70017	352	48	366	70	0	0	7
70018	336	43	350	70	0	0	12
#========== Smoke Effect=========
70019	113	19	126	32	60
70020	98	19	111	32	60
70021	79	17	96	34	60
70022	129	20	140	31	60
#=============broken effect==========
70050	37	118	45	126	60
70051	47	118	55	126	60
#======SUPER LEAF=============
#left
80001	375	121	391	135	30
#right
80002	399	121	415	135	30
#========BREAKABLE BRICK========
80003	274	188	290	204	30
80004	293	188	309	204	30
80005	312	188	328	204	30
80006	331	188	347	204	30
#=========Fire Piranha Plant==========
#left
#fire down
90001	400	135	416	165	10
#look down
90002	417	135	433	165	10
#fire up
90003	434	135	450	165	10
#look up
90004	451	135	467	165	10
#right
90005	520	135	536	165	10
90006	503	135	519	165	10
90007	486	135	502	165	10
90008	469	135	485	165	10
#=======Koopa Paratroopa======================
#left
91001	93	130	109	156	10
91002	114	129	130	156	10
91003	135	129	151	156	10
91004	157	128	173	156	10
#right
91005	851	130	867	156	10
91006	830	129	846	156	10
91007	809	129	825	156	10
91008	787	128	803	156	10
#hiding in shell
91009	400	178	416	194	10
#sliding
91010	417	178	433	194	10
91011	434	178	450	194	10
91012	451	178	467	194	10
#type lost wing
#left
91013	324	128	340	156	10
91014	302	129	318	156	10
#right
91015	624	129	640	156	10
91016	646	130	662	156	10
#========= Green Fire Piranha Plant==========
#left
#fire down
92001	396	215	412	239	10
#look down
92002	413	215	429	239	10
#fire up
92003	430	215	446	239	10
#look up
92004	447	215	463	239	10
#right
92005	521	215	536	239	10
92006	504	215	520	239	10
92007	487	215	501	239	10
92008	470	215	484	239	10

#=========== Piranha Plant ============
92009	446	250	462	273	10
92010	465	249	481	273	10	0	1

#============ Button P==============
93000	178	144	194	160	30
93001	200	153	216	160	30

#=========BLOCK RANDOM ITEM=========
#star
94000	201	121	217	137	30
#mushroom
94001	286	121	302	137	30
#plant
94002	309	121	325	137	30
#star card
94003	232	159	255	186	1000
#plant card
94004	208	159	231	186	1000
#mush room card
94005	184	159	207	186	1000
# ani_id	sprite1_id	time1	sprite2_id	time2	...
[ANIMATIONS]
# ==== MARIO =========
#idle BIG right
400	10001	100
#idle BIG left
401	10011	100
#idle small right
402	10021	100
#idle small left
403	10031	100
#big jumping left
404	10014	100
#big jumping right
405	10004	100
#big falling right
406	10003	100
#big falling left
407	10013	100
#small jumping left
408	10033	100
#small jumping right
409	10023	100
#small falling left
410	10033	100
#small falling right
411	10023	100
#walk right big
500	10001	100	10002	100	10003	100
#walk left big
501	10011	100	10012	100	10013	100
#walk right small
502	10021	50	10022	50
#walk left small
503	10031	50	10032	50
#small run right
504	10051	50	10052	50
#small run left
505	10053	50	10054	50
#big run right
506	10041	50	10042	50	10043	50
#big run left
507	10044	50	10045	50	10046	50
#flying right
508	10061	50	10062	50	10063	50
#flying left
509	10064	50	10065	50	10066	50
#falling while flying right
510	10061	50
#falling while flying left
511	10064	50
#small kick right
512	10055	150
#small kick left
513	10056	150
#big kick right
514	10067	150
#big kick left
515	10068	150
#small holding right
516	10057	100	10058	100
#small holding left
517	10059	100	10060	100
#big holding right
518	10069	100	10070	100	10071	100
#big holding left
519	10072	100	10073	100	10074	100
#small idle when holding right
520	10057	100
#small idle when holding left
521	10059	100
#Big idle when holding right
522	10069	100
#Big idle when holding left
523	10072	100
#small falling and jumping when holding right
524	10058	100
#small falling and jumping when holding left
525	10060	100
#big falling and jumping when holding right
526	10070	100
#big falling and jumping when holding left
527	10073	100
#======RACCOON MARIO===========
#idle right
10	11001	100
#idle left
11	11002	100
#walking right
12	11001	50	11003	50	11004	50
#walking left
13	11002	50	11005	50	11006	50
#run right
14	11007	50	11008	50	11009	50
#run left
15	11010	50	11011	50	11012	50
#jump right
16	11013	100
#jump left
17	11014	100
#flying right
18	11015	50	11016	50	11017	50
#flying left
19	11018	50	11019	50	11020	50
#falling right
20	11021	50
#falling left
21	11022	50
#falling while flying right
22	11016	50
#falling while flying left
23	11019	50
#kick right
24	11023	150
#kick left
25	11024	150
#holding right
26	11025	100	11026	100	11027	100
#holding left
27	11028	100	11029	100	11030	100
#idle when holding right
28	11025	100
#idle when holding left
29	11028	100 
#tail smacking right 1
30	11031	500
#tail smacking left 1
31	11035	500
#tail smacking stand right 2
32	11032	500
#tail smacking stand left 2
33	11036	500
#tail smacking jump right 2 
34	11033	500
#tail smacking jump left 2
35	11037	500
#tail smacking right 3
36	11034	500
#tail smacking left 3
37	11038	500
#slow falling left
38	11039	25	11022	25
#slow falling right
39	11041	25	11021	25
#raccoon falling and jumping when holding right
40	11027	100
#raccoon falling and jumping when holding left
41	11030	100
#======FIRE MARIO===========
#idle right
100	12001	100
#idle left
101	12002	100
#walking right
102	12001	50	12003	50	12004	50
#walking left
103	12002	50	12005	50	12006	50
#run right
104	12007	50	12008	50	12009	50
#run left
105	12010	50	12011	50	12012	50
#jump right
106	12013	100
#jump left
107	12014	100
#falling right
108	12015	50
#falling left
109	12016	50
#kick right
110	12017	100
#kick left
111	12018	100
#holding right
112	12019	100	12020	100	12021	100
#holding left
113	12022	100	12023	100	12024	100
#idle when holding right
114	12019	100
#idle when holding left
115	12022	100
#throw 1 right
116	12025	100
#throw 1 left
117	12026	100
#throw 2 right
118	12027	100
#throw 2 left
119	12028	100
#fire falling and jumping when holding right
120	12021	100
#fire falling and jumping when holding left
121	12024	100
#die
599	10099	100

# ==== GOOMBA  =========
# walk
701	30001	100	30002	100
# die
702	30003	100
#===========FLOATING BRICK================
801	40001	100	40002	100	40003	100	40004	100
802	40005	100
#==== KOOPAS =====
#walk right
901	50001	100	50002	100
#walk left
902	50003	100	50004	100
#hide in shell
903	50005	100
#======WING GOOBA========
#walking
904	50006	100	50007	100
#jumping
905	50008	50	50006	50
#lost wing walking
906	50010	100	50011	100
#die
907	50012	100
#======FIRE BALL====
#fire ball right
1000	60001	50	60002	50	60003	50	60004	50
#fire ball left
1001	60005	50	60006	50	60007	50	60008	50
#======MUSHROOM===========
1002	70001	100
908	60009	100
#=====Effect=========
#coin 100
1003	70002	100	70003	100	70004	100
#coin 50
1004	70005	100	70006	100	70007	100

#====== TEXT NUM===========
#num 100
1005	70008	100
#num 200
1006	70009	100
#num 400
1007	70010	100
#num 800
1008	70011	100
#num 1000
1009	70012	100

#======SUPER LEAF=====
#left
1010	80001	100
#right
1011	80002	100
#========BREAKABLE BRICK========
1012	80003	100	80004	100	80005	100	80006	100
#====MARIO TYPE UP EFFECT========
#left
1013	70013	100	70014	100	70013	100	70014	100	70015	100	70014	100	70015	100
#right
1014	70016	100	70017	100	70016	100	70017	100	70018	100	70017	100	70018	100
#=========SMOKE EFFECT==========
1015	70019	100	70020	100	70021	100	70022	100
#broken effect =============
1016	70050	25	70051	25
#=========Fire Piranha Plant==========
#left
#come out
1100	90002	100
#look up
1101	90004	100
#look down
1102	90002	100
#fire up
1103	90003	100
#fire down
1104	90001	100

#right
#come out
1105	90006	100
#look up
1106	90008	100
#look down
1107	90006	100
#fire up
1108	90007	100
#fire down
1109	90005	100

#=======Koopa Paratroopa======================
#left
1200	91001	50	91002	50	91003	50	91004	50
#right
1201	91005	50	91006	50	91007	50	91008	50
#hiding in shell
1202	91009	100
#sliding
1203	91010	100	91011	100	91012	100
#lost wing
#left
1204	91013	100	91014	100
#right
1205	91015	100	91016	100
#========= GREEN PIPE=============
1301	30004	100
1302	30005	100


#========= Green Fire Piranha Plant==========
#left
#come out
1400	92002	100
#look up
1401	92004	100
#look down
1402	92002	100
#fire up
1403	92003	100
#fire down
1404	92001	100
#right
#come out
1405	92006	100
#look up
1406	92008	100
#look down
1407	92006	100
#fire up
1408	92007	100
#fire down
1409	92005	100

#===Pirahan Plant =====
1410	92009	100	92010	100
#============ Button P==============
1411	93000	100
1412	93001	100
#=========BLOCK RANDOM ITEM=========
1450	94000	100
1451	94001	100
1452	94002	100

# id	ani1	ani2	ani3
[ANIMATION_SETS]
# MARIO
1	400	401	402	403	500	501	502	503	599	404	405	406	407	408	409	410	411	504	505	506	507	508	509	510	511	10	11	12	13	14	15	16	17	18	19	20	21	22	23	512	513	514	515	24	25	516	517	518	519	26	27	520	521	522	523	28	29	30	31	32	33	34	35	36	37	100	101	102	103	104	105	106	107	108	109	110	111	112	113	114	115	116	117	118	119	38	39	524	525	526	527	40	41	120	121
# GOOMBA
3	701	702
#FLOATING BRICK
4	801	802
#KOPASS
5	901	902	903
#FIRE BALL
6	1000	1001
#======= ITEMS =======
7	1002
8	1003

#====COIN 50 ========
9	1004

#=======Effect======
10	1005	1006	1007	1008	1009
#==== SUPER LEAF=====
11	1010	1011
#========BREAKABLE BRICK========
12	1012
#========MARIO TYPE UP EFFECT=======
13	1013	1014
#======SMOKE EFFECT=========
14	1015
#========WING GOOMBA=========
15	904	905	906	907

#=========Fire Piranha Plant==========
16	1100	1101	1102	1103	1104	1105	1106	1107	1108	1109
#=======Koopa Paratroopa======================
17	1200	1201	1202	1203	1204	1205
#====GREEN PIPE=====
18	1301	1302

#========= Green Fire Piranha Plant==========
19	1400	1401	1402	1403	1404	1405	1406	1407	1408	1409
#========Piranha Plant==========
20	1410
#======broken effect =======
21	1016
#========Floating Brick 2=====
22	1012	802
#=========red mush room========
23	908
#============ Button P==============
24	1411	1412
#=========BLOCK RANDOM ITEM=========
25	1450	1451	1452


[OBJECTS]
#id	type	x	y	ani_set_id	extra_settings per object type
# type: 0 = Mario , 1 = Ground, 2 = BigBox, 3 = Goomba
# MARIO
335	115	0	416
1	115	16	416
2	115	32	416
3	115	48	416
4	115	64	416
5	115	80	416
6	115	96	416
7	115	112	416
8	115	128	416
9	115	144	416
10	115	160	416
11	115	176	416
12	115	192	416
13	115	208	416
14	115	224	416
15	115	240	416
16	115	256	416
17	115	272	416
18	115	288	416
19	115	304	416
20	115	320	416
21	115	336	416
22	115	352	416
23	115	368	416
24	115	384	416
25	115	400	416
26	115	416	416
27	115	432	416
28	115	448	416
29	115	464	416
30	115	480	416
31	115	496	416
32	115	512	416
33	115	528	416
34	115	544	416
35	115	560	416
36	115	576	416
37	115	592	416
38	115	608	416
40	115	640	400
41	115	656	400
42	115	672	400
43	115	688	400
44	115	704	400
45	115	720	400
46	115	736	400
47	115	752	400
48	115	768	400
49	115	784	400
50	115	800	400
51	115	816	400
52	115	832	400
53	115	848	400
54	115	864	400
55	115	880	400
56	115	896	400
57	115	912	400
58	115	928	400
59	115	944	400
60	115	960	400
61	115	976	400
62	115	992	400
63	115	1008	400
64	115	1024	400
65	115	1040	400
66	115	1056	400
67	115	1072	400
68	115	1152	416
69	115	1168	416
70	115	1184	416
71	115	1200	416
72	115	1216	416
73	115	1232	416
74	115	1248	416
75	115	1264	416
76	115	1280	416
77	115	1296	416
78	115	1312	416
79	115	1328	416
80	115	1344	416
81	115	1360	416
82	115	1376	416
83	115	1392	416
84	115	1408	416
85	115	1424	416
86	115	1440	416
87	115	1456	416
88	115	1472	416
89	115	1488	416
90	115	1536	416
91	115	1552	416
92	115	1568	416
93	115	1584	416
94	115	1600	416
95	115	1664	416
96	115	1680	416
97	115	1696	416
98	115	1712	416
99	115	1728	416
100	115	1744	416
101	115	1760	416
102	115	1776	416
103	115	1792	416
104	115	1808	416
105	115	1824	416
106	115	1840	416
107	115	1856	416
108	115	1872	416
109	115	1888	416
110	115	1904	416
111	115	1920	416
112	115	1936	416
113	115	1952	416
114	115	1968	416
115	115	1984	416
116	115	2000	416
117	115	2016	416
118	115	2032	416
119	115	2048	416
120	115	2064	416
121	115	2080	416
122	115	2096	416
123	115	2112	416
124	115	2128	416
125	115	2144	416
126	115	2160	416
127	115	2176	416
128	115	2192	416
129	115	2208	416
130	115	2224	416
131	115	2256	416
132	115	2272	416
133	115	2288	416
134	115	2304	416
135	115	2320	416
136	115	2336	416
137	115	2352	416
138	115	2368	416
139	115	2384	416
140	115	2400	416
141	115	2416	416
142	115	2432	416
143	115	2448	416
144	115	2464	416
145	115	2480	416
146	115	2496	416
147	115	2512	416
148	115	2528	416
149	115	2544	416
150	115	2560	416
151	115	2576	416
152	115	2592	416
153	115	2608	416
154	115	2624	416
155	115	2640	416
156	115	2656	416
157	115	2672	416
158	115	2688	416
159	115	2704	416
160	115	2720	416
161	115	2736	416
162	115	2752	416
163	115	2768	416
164	115	2784	416
165	115	2800	416
166	115	1408	192
167	115	1424	192
168	115	1440	192
169	115	1456	192
170	115	1488	176
171	115	1504	176
172	115	1520	176
173	115	1536	176
174	115	1552	176
175	115	1568	176
176	115	1584	176
177	115	1600	176
178	115	1616	176
179	115	1632	176
180	115	1648	176
181	115	1664	176
182	115	1680	176
184	100	240	368	3	3
185	100	272	336.068	3	5
186	100	400	368	5	3
187	100	464	336	4	5
188	100	512	304	4	7
189	100	512	384	6	2
190	100	1264	384	7	2
191	100	1296	352	7	4
192	100	1328	320	7	6
193	100	1312	144	4	2
194	100	2144	368	3	3
195	100	2176	272	3	9
204	119	1073.06	320
205	119	1105.06	288
206	119	1137	256
207	119	1169	224
208	119	1201.03	192.031
209	119	1328.96	80
210	119	1345.03	80
211	119	1361	80.0313
212	119	1473	112.043
213	119	1489.04	112.043
214	119	1537.04	128.043
215	119	1553.04	128
216	119	1568.97	128.031
217	119	1585.03	128.031
218	119	1617	112.043
219	119	1632.91	111.957
220	119	1649	112
221	119	1664.97	112.031
222	119	1697	144.043
223	119	1728.96	112.043
224	119	1761	128
225	119	1809.04	96
226	119	1840.96	128
265	101	352	368	3	1
266	101	1792	384	2	1
267	101	1856	368	3	1
268	101	2256	368	3	0
269	101	2256	112	13	0
270	101	2320	384	2	0
273	101	624	400	1	0
276	117	360.063	368.813
277	118	1864.04	368.522
278	116	1800	384.813
280	113	176	352	0
281	113	192	352	0
282	113	224	304	0
283	113	240	304	1
284	113	416	320	0
285	113	656	384	1
286	113	704	352	0
287	113	1472	368	1
288	114	2032	368	2
289	114	1440	128	3
290	112	1600	368
291	112	1600	384
292	112	1600	400
293	112	1584	400
294	112	1568	400
295	112	1584	384
296	112	1664	368
297	112	1664	384
298	112	1680	384
299	112	1664	400
300	112	1680	400
301	112	1696	400
302	112	1504	336
303	112	1520	336
304	124	1984	368
305	124	2000	368
306	124	2016	368
307	124	1968	384
308	124	1984	384
309	124	2000	384
310	124	2016	384
311	124	2032	384
312	124	1952	400
313	124	1968	400
314	124	1984	400
315	124	2000	400
316	124	2016	400
317	124	2032	400
318	124	2048	400
319	124	2096	384
320	124	2096	400
321	124	2112	400
322	120	32	385
323	111	240	400
324	111	496	400
325	111	832	384
327	111	871.5	384
328	121	571.5	357
329	123	935.5	377
330	122	1376	278.5
331	122	1421.5	281.5
332	122	1331.5	273.5
337	125	2683.27	330.909
338	121	2095.27	355.545

#===========HUB=====================

# id	left	top	right	bottom	texture_id
[SPRITES]
0	12	128	164	156	1000
-1	172	128	244	156	1000
-2	91	162	99	169	1000
-3	64	162	72	169	1000
-4	100	162	115	169	1000
-5	73	162	88	169	1000
-6	16	161	32	168	1000
-7	16	171	32	178	1000
[FONT]
#texture_id 	file_path	num_cols	font_size 	sprite_spacing
121	textures\font-2.png	12	8	2
[GRID]
scenes\1-1\grid.txt