[INFO]
13	2	210
[CELLS]
0	0
1	0
2	0
3	0
4	0
5	0	208
6	0	166	167	168	169	193	209	210	211	289
7	0	170	171	172	173	174	175	176	177	178	179	180	181	212	213	214	215	216	217	218	219	220	221
8	0	182	222	223	224	225	226
9	0
10	0	269
11	0
12	0
0	1	335	1	2	3	4	5	6	7	8	9	10	11	12	13	280	281	322
1	1	14	15	16	17	18	19	20	21	22	23	24	25	26	184	185	186	265	276	282	283	284	323
2	1	27	28	29	30	31	32	33	34	35	36	37	38	187	188	189	273	324	328
3	1	40	41	42	43	44	45	46	47	48	49	50	51	52	285	286	325
4	1	53	54	55	56	57	58	59	60	61	62	63	64	65	327	329
5	1	66	67	68	69	70	71	72	73	74	204	205	206	207
6	1	75	76	77	78	79	80	81	82	83	84	85	86	87	190	191	192	330	331	332
7	1	88	89	90	91	92	93	94	95	287	290	291	292	293	294	295	296	297	299	302	303
8	1	96	97	98	99	100	101	102	103	104	105	106	107	108	109	266	267	277	278	298	300	301
9	1	110	111	112	113	114	115	116	117	118	119	120	121	122	288	304	305	306	307	308	309	310	311	312	313	314	315	316	317	318	319	320	338
10	1	123	124	125	126	127	128	129	130	131	132	133	134	194	195	268	321
11	1	135	136	137	138	139	140	141	142	143	144	145	146	147	270
12	1	148	149	150	151	152	153	154	155	156	157	158	159	160	161	162	163	164	165	337
