[TEXTURES]
0	textures\overworld-maps.png	3	26	110
[SPRITES]
#map
1	4	40	238	202	0
#brush
100	252	14	268	30	0
101	272	15	288	30	0	0	-1
102	292	14	308	30	0
#mario
200	252	116	268	132	0
201	272	116	288	132	0
#tower
300	415	133	447	165	0
301	451	141	467	165	0	0	-8
[ANIMATIONS]
0	1	100
1	101	200	100	200	101	200	102	200
2	200	100	201	100
3	300	400	301	400
#===========HUB=====================
[BACKGROUND_ANI]
0	0	0
1	5	5
1	21	5
1	37	5
1	5	21
1	21	21
1	37	21

1	69	21
1	85	21
1	101	21

1	69	37
1	85	37
1	101	37

1	69	53
1	85	53
1	101	53

1	5	53
1	21	53
1	37	53

1	5	69
1	21	69
1	37	69
1	5	85

1	133	21
1	149	21
1	165	21

1	197	21
1	213	21

1	197	5
1	213	5

1	197	37
1	213	37

1	133	53
1	149	53
1	165	53
1	181	53
1	197	53
1	213	53

1	213	69
1	213	85
1	213	101
1	213	117
1	213	133

1	133	69
1	149	69

1	85	85
1	101	85
1	117	85

3	181	85
[POINTS]
0	22	37	0	1	0	0
0	55	37	1	0	0	1
3	54	5	0	1	1	0
0	89	5	0	1	0	1
3	118	5	0	1	0	1
3	150	5	0	1	0	1
0	184	5	0	0	1	1
0	185	37	1	0	0	1
3	150	37	0	1	0	1
0	119	37	0	1	1	0
0	118	68	1	0	0	1
0	86	69	0	1	0	1
0	55	69	0	1	1	0
0	55	103	1	0	1	0
3	55	133	1	1	0	0
0	87	133	0	1	0	1
3	119	133	1	0	0	1
0	119	102	0	1	1	0
0	153	102	0	0	0	1

[TEXTURES]
1000	textures\HUB.png	81	255	191
# id	left	top	right	bottom	texture_id
[SPRITES]
0	12	128	164	156	1000
-1	172	128	244	156	1000
-2	91	162	99	169	1000
-3	64	162	72	169	1000
-4	100	162	115	169	1000
-5	73	162	88	169	1000
-6	16	161	32	168	1000
-7	16	171	32	178	1000
[FONT]
#texture_id 	file_path	num_cols	font_size 	sprite_spacing
121	textures\font-2.png	12	8	2